a <- 10:199
a
